1000
 990
 980
 970
 960
 950
 960
 950
 940
 930
 920
 910
 925
 915
 905
 915
 925
 915
 930
 945
 945
 935
 925
 925
 935
 925
 935
 935
 935
 950
 940
 930
 920
 935
 945
 935
 925
 915
 925
 915
 905
 895
 885
 885
 875
 875
 890
 890
 900
 910
 920
 910
 900
 890
 900
 915
 925
 915
 915
 905
 915
 915
 905
 895
 895
 905
 920
 930
 920
 910
 900
 900
 890
 880
 870
 885
 895
 905
 895
 895
 895
 910
 900
 890
 890
 890
 880
 890
 900
 890
 900
 910
 920
 935
 945
 935
 925
 915
 925
 935
 945
 935
 925
 915
 905
 915
 905
 915
 905
 895
 885
 895
 905
 895
 885
 895
 885
 875
 885
 900
 910
 920
 930
 940
 950
 940
 930
 940
 930
 920
 930
 920
 930
 940
 950
 940
 955
 945
 955
 945
 960
 950
 940
 930
 940
 950
 940
 930
 940
 950
 960
 975
 965
 955
 965
 975
 985
 995
 1005
 995
 995
 995
 985
 985
 995
 985
 1000
 990
 990
 980
 970
 980
 970
 980
 970
 980
 970
 960
 975
 985
 995
 985
 1000
 1010
 1000
 1010
 1000
 1010
 1025
 1040
 1050
 1060
 1060
 1050
 1040
 1030
 1040
 1050
 1040
 1050
 1040
 1030
 1040
 1030
 1020
 1030
 1020
 1010
 1025
 1015
 1025
 1035
 1025
 1040
 1030
 1040
 1055
 1045
 1035
 1025
 1015
 1025
 1040
 1030
 1045
 1035
 1025
 1015
 1025
 1035
 1025
 1015
 1025
 1035
 1045
 1035
 1035
 1025
 1015
 1030
 1020
 1035
 1025
 1035
 1025
 1015
 1025
 1015
 1025
 1015
 1025
 1015
 1030
 1040
 1030
 1020
 1010
 1000
 1000
 990
 980
 990
 1000
 1000
 990
 990
 1000
 1000
 1010
 1020
 1010
 1020
 1020
 1010
 1000
 990
 980
 970
 970
 960
 960
 970
 970
 960
 950
 940
 930
 940
 930
 920
 935
 925
 915
 905
 920
 935
 925
 915
 905
 920
 930
 940
 950
 960
 950
 940
 940
 930
 920
 910
 900
 915
 905
 915
 905
 915
 925
 915
 925
 940
 950
 960
 970
 970
 960
 950
 950
 940
 950
 960
 950
 940
 930
 945
 955
 970
 980
 970
 960
 950
 940
 930
 920
 910
 920
 935
 925
 940
 930
 930
 920
 910
 900
 890
 890
 890
 880
 870
 860
 850
 860
 850
 840
 850
 840
 850
 860
 860
 870
 870
 880
 870
 880
 870
 885
 895
 885
 895
 885
 895
 905
 895
 885
 895
 895
 905
 915
 905
 895
 885
 875
 865
 880
 890
 900
 900
 890
 900
 910
 920
 930
 920
 930
 940
 950
 940
 940
 930
 920
 920
 935
 935
 950
 950
 950
 965
 955
 965
 975
 975
 965
 975
 985
 975
 965
 975
 965
 955
 945
 935
 935
 945
 935
 925
 935
 945
 955
 970
 985
 975
 985
 975
 985
 995
 985
 975
 985
 985
 1000
 1010
 1000
 990
 980
 970
 985
 975
 965
 955
 965
 955
 965
 955
 945
 955
 945
 935
 925
 935
 925
 915
 905
 895
 905
 905
 915
 930
 940
 930
 930
 940
 930
 930
 930
 920
 930
 940
 930
 945
 935
 925
 915
 905
 915
 925
 940
 955
 965
 955
 965
 975
 985
 995
 985
 975
 985
 1000
 990
 1000
 1010
 1000
 1000
 1015
 1005
 1015
 1025
 1015
 1025
 1015
 1005
 995
 1005
 1015
 1015
 1005
 1005
 1005
 1005
 995
 995
 1005
 995
 985
 1000
 1010
 1020
 1035
 1045
 1055
 1055
 1045
 1035
 1045
 1035
 1045
 1035
 1025
 1015
 1005
 1020
 1020
 1010
 1000
 1010
 1020
 1010
 1000
 1010
 1000
 990
 1005
 1015
 1005
 1020
 1020
 1020
 1030
 1020
 1010
 1020
 1030
 1020
 1030
 1030
 1020
 1010
 1000
 990
 980
 980
 990
 980
 990
 980
 970
 960
 970
 960
 960
 950
 940
 930
 920
 910
 920
 930
 920
 935
 925
 940
 940
 940
 930
 930
 920
 910
 900
 890
 900
 910
 900
 890
 900
 890
 880
 890
 880
 890
 900
 890
 900
 890
 880
 870
 860
 875
 875
 865
 875
 875
 885
 875
 890
 900
 890
 880
 870
 860
 870
 860
 860
 870
 860
 850
 840
 850
 840
 850
 860
 860
 870
 880
 890
 900
 900
 890
 900
 915
 905
 895
 885
 895
 895
 885
 875
 865
 875
 865
 865
 855
 865
 880
 895
 895
 885
 895
 885
 900
 910
 900
 890
 900
 910
 900
 910
 920
 910
 900
 890
 880
 890
 880
 870
 860
 850
 840
 850
 860
 870
 880
 895
 895
 885
 875
 885
 885
 875
 865
 880
 870
 880
 890
 880
 870
 860
 870
 880
 880
 890
 905
 915
 905
 915
 915
 925
 915
 930
 920
 910
 920
 935
 945
 935
 945
 955
 945
 955
 945
 935
 945
 935
 945
 935
 925
 915
 915
 925
 915
 905
 915
 905
 920
 910
 920
 910
 900
 890
 900
 890
 890
 900
 890
 880
 870
 860
 850
 860
 850
 850
 860
 850
 840
 830
 820
 835
 825
 815
 805
 815
 805
 795
 805
 795
 805
 795
 795
 805
 795
 785
 800
 790
 790
 790
 800
 800
 790
 805
 815
 805
 815
 825
 815
 805
 820
 830
 840
 850
 840
 830
 820
 830
 840
 830
 820
 830
 820
 810
 820
 810
 820
 830
 830
 820
 810
 820
 835
 835
 825
 815
 825
 815
 825
 815
 825
 825
 815
 805
 795
 810
 820
 835
 835
 850
 865
 865
 875
 885
 895
 885
 895
 905
 920
 930
 940
 930
 945
 935
 945
 955
 965
 955
 945
 955
 955
 945
 945
 955
 945
 935
 925
 915
 905
 915
 905
 920
 910
 920
 935
 925
 935
 950
 940
 930
 920
 920
 910
 920
 930
 930
 920
 910
 925
 935
 935
 925
 935
 935
 925
 935
 925
 935
 945
 935
 935
 945
 945
 960
 970
 960
 960
 950
 960
 950
 965
 955
 945
 935
 945
 955
 945
 935
 935
 925
 915
 905
 895
 885
 875
 885
 900
 890
 880
 870
 880
 895
 885
 875
 865
 855
 845
 855
 870
 860
 850
 860
 850
 860
 850
 860
 870
 880
 895
 905
 905
 895
 885
 895
 885
 875
 865
 875
 885
 885
 875
 865
 880
 880
 890
 900
 890
 900
 910
 900
 890
 880
 870
 860
 850
 860
 870
 860
 850
 860
 850
 860
 870
 860
 850
 840
 830
 830
 840
 830
 830
 840
 830
 840
 850
 840
 850
 840
 850
 860
 850
 840
 850
 840
 840
 830
 840
 830
 845
 860
 850
 865
 855
 865
 855
 845
 855
 845
 845
 835
 845
 845
 835
 825
 835
 835
 835
 825
 835
 835
 835
 825
 815
 815
 805
 795
 805
 805
 795
 785
 775
 775
 765
 775
 765
 755
 770
 780
 770
 760
 770
 760
 770
 780
 795
 805
 815
 825
 815
 805
 795
 785
 775
 775
 765
 775
 765
 775
 785
 775
 765
 775
 765
 780
 790
 800
 790
 780
 795
 785
 800
 790
 780
 770
 760
 750
 760
 770
 780
 780
 770
 760
 750
 740
 750
 750
 765
 755
 745
 760
 750
 760
 770
 780
 795
 810
 800
 790
 780
 770
 770
 780
 770
 760
 775
 765
 755
 765
 755
 745
 755
 765
 755
 755
 745
 735
 725
 715
 725
 735
 725
 715
 725
 715
 725
 715
 705
 695
 685
 685
 695
 710
 720
 730
 740
 730
 720
 710
 720
 730
 730
 730
 720
 710
 725
 715
 705
 715
 705
 695
 685
 695
 705
 715
 705
 695
 705
 695
 705
 715
 705
 695
 695
 705
 695
 695
 695
 710
 720
 730
 720
 710
 700
 715
 725
 715
 705
 715
 725
 735
 725
 735
 725
 740
 730
 720
 730
 720
 735
 745
 755
 745
 760
 760
 775
 785
 785
 800
 815
 805
 820
 810
 820
 810
 800
 800
 810
 820
 835
 825
 815
 830
 840
 850
 840
 855
 845
 855
 865
 855
 865
 875
 875
 890
 900
 890
 880
 890
 880
 880
 890
 880
 870
 860
 870
 885
 875
 885
 875
 865
 855
 845
 855
 845
 835
 825
 815
 805
 815
 805
 795
 795
 805
 795
 785
 795
 805
 820
 810
 820
 810
 820
 835
 845
 835
 845
 835
 845
 855
 845
 835
 835
 825
 815
 805
 795
 805
 795
 805
 815
 825
 835
 845
 860
 870
 870
 860
 875
 885
 875
 865
 855
 845
 855
 865
 855
 845
 855
 865
 875
 885
 875
 890
 880
 895
 905
 895
 895
 885
 895
 895
 905
 895
 905
 895
 885
 900
 900
 910
 920
 935
 945
 955
 965
 955
 970
 960
 970
 960
 950
 960
 975
 965
 980
 970
 980
 970
 985
 995
 985
 995
 1005
 995
 995
 1010
 1010
 1000
 1015
 1015
 1005
 1015
 1025
 1015
 1025
 1015
 1015
 1015
 1025
 1035
 1035
 1025
 1015
 1005
 1020
 1010
 1000
 990
 990
 980
 990
 980
 970
 980
 970
 980
 995
 985
 1000
 1010
 1010
 1000
 990
 980
 970
 980
 990
 980
 970
 960
 970
 985
 995
 1005
 1020
 1010
 1000
 1015
 1005
 995
 985
 995
 1005
 1015
 1025
 1025
 1015
 1005
 995
 1010
 1025
 1015
 1005
 1015
 1015
 1005
 1015
 1005
 1015
 1030
 1045
 1055
 1065
 1055
 1065
 1080
 1095
 1105
 1095
 1095
 1105
 1115
 1105
 1105
 1095
 1105
 1095
 1085
 1095
 1105
 1105
 1095
 1095
 1085
 1075
 1065
 1055
 1055
 1045
 1055
 1055
 1045
 1055
 1045
 1045
 1035
 1025
 1035
 1045
 1055
 1045
 1035
 1035
 1025
 1040
 1030
 1045
 1035
 1045
 1035
 1025
 1015
 1005
 1005
 1015
 1005
 1015
 1005
 1020
 1010
 1000
 1010
 1000
 1015
 1005
 995
 995
 1005
 1005
 995
 985
 975
 965
 955
 965
 975
 965
 955
 965
 955
 945
 955
 945
 955
 945
 960
 970
 980
 990
 980
 990
 980
 990
 980
 990
 990
 1000
 990
 980
 980
 990
 1000
 1010
 1000
 990
 1000
 990
 1000
 990
 980
 970
 960
 950
 960
 950
 940
 930
 920
 930
 940
 930
 920
 910
 900
 890
 880
 870
 860
 875
 875
 885
 875
 865
 855
 870
 860
 860
 850
 840
 855
 845
 855
 865
 875
 885
 875
 865
 875
 875
 865
 855
 845
 845
 835
 825
 815
 805
 795
 785
 775
 785
 775
 785
 775
 785
 795
 785
 795
 805
 795
 805
 805
 815
 805
 815
 825
 815
 825
 840
 830
 820
 820
 810
 800
 810
 810
 800
 790
 780
 770
 785
 785
 800
 790
 780
 790
 800
 800
 790
 800
 810
 800
 810
 800
 810
 820
 830
 830
 840
 855
 845
 855
 845
 835
 850
 840
 840
 830
 840
 855
 855
 865
 855
 845
 855
 865
 865
 865
 855
 865
 855
 855
 845
 835
 845
 835
 850
 860
 870
 880
 870
 885
 895
 885
 875
 885
 875
 885
 895
 885
 895
 885
 895
 885
 895
 885
 895
 885
 875
 865
 855
 865
 880
 870
 860
 850
 850
 860
 850
 840
 830
 840
 850
 840
 830
 830
 820
 830
 820
 810
 825
 815
 825
 840
 850
 840
 850
 860
 850
 865
 880
 890
 900
 890
 900
 890
 880
 890
 900
 900
 890
 880
 890
 905
 920
 930
 940
 950
 965
 955
 965
 955
 945
 935
 925
 940
 930
 920
 930
 940
 930
 930
 930
 920
 930
 940
 955
 965
 965
 975
 965
 975
 985
 975
 990
 980
 990
 990
 1000
 990
 980
 980
 990
 980
 970
 980
 990
 1005
 995
 1010
 1000
 1000
 1010
 1000
 990
 980
 970
 960
 950
 940
 950
 940
 930
 920
 930
 920
 930
 920
 910
 920
 910
 900
 910
 900
 910
 900
 910
 910
 900
 910
 920
 910
 900
 915
 905
 905
 895
 905
 920
 935
 925
 915
 905
 915
 925
 925
 915
 925
 915
 905
 895
 905
 920
 930
 940
 950
 950
 940
 950
 940
 930
 920
 935
 945
 935
 925
 935
 925
 925
 915
 905
 915
 925
 925
 915
 905
 895
 905
 905
 895
 885
 895
 885
 875
 885
 895
 905
 915
 905
 915
 925
 935
 925
 940
 930
 945
 935
 945
 955
 955
 945
 945
 935
 925
 915
 905
 915
 905
 895
 885
 895
 885
 875
 890
 905
 905
 895
 905
 895
 885
 875
 885
 885
 895
 895
 885
 875
 885
 875
 885
 875
 865
 865
 855
 865
 880
 890
 880
 870
 880
 870
 880
 870
 885
 875
 865
 865
 855
 865
 855
 845
 855
 845
 835
 825
 835
 825
 815
 815
 825
 835
 845
 835
 825
 815
 805
 795
 785
 775
 765
 775
 765
 775
 775
 785
 775
 785
 795
 805
 795
 805
 815
 805
 795
 785
 775
 765
 775
 785
 775
 765
 775
 765
 755
 745
 755
 745
 735
 725
 735
 750
 740
 730
 720
 710
 720
 720
 710
 700
 710
 700
 700
 690
 680
 670
 680
 670
 670
 680
 690
 700
 690
 680
 670
 660
 650
 640
 650
 640
 630
 645
 635
 645
 635
 625
 615
 605
 615
 615
 625
 640
 630
 640
 650
 660
 670
 680
 695
 705
 695
 705
 705
 695
 705
 695
 685
 675
 665
 655
 665
 675
 685
 675
 685
 685
 675
 665
 655
 645
 655
 655
 645
 655
 665
 655
 645
 655
 665
 675
 685
 675
 690
 700
 710
 720
 730
 745
 755
 745
 735
 725
 715
 715
 705
 695
 705
 695
 685
 685
 675
 685
 675
 665
 680
 680
 670
 660
 650
 660
 670
 680
 690
 700
 700
 710
 700
 690
 705
 715
 725
 715
 705
 715
 730
 740
 730
 720
 710
 725
 735
 725
 715
 725
 715
 705
 695
 685
 675
 665
 655
 645
 645
 645
 645
 655
 665
 680
 695
 685
 675
 665
 655
 645
 635
 625
 625
 615
 625
 615
 615
 625
 615
 630
 620
 610
 610
 600
 590
 580
 570
 560
 550
 565
 555
 555
 570
 580
 570
 570
 570
 560
 570
 560
 570
 560
 550
 550
 540
 530
 520
 510
 500
 510
 500
 490
 480
 495
 495
 485
 475
 485
 475
 465
 455
 445
 455
 465
 475
 465
 475
 465
 455
 465
 455
 445
 435
 445
 435
 425
 435
 425
 415
 405
 395
 385
 395
 385
 395
 385
 395
 405
 395
 405
 395
 395
 385
 375
 385
 385
 395
 385
 385
 385
 395
 385
 395
 405
 415
 405
 415
 430
 420
 435
 425
 435
 425
 415
 405
 395
 395
 395
 410
 420
 420
 410
 400
 410
 420
 430
 420
 430
 440
 455
 465
 475
 465
 455
 445
 455
 465
 475
 485
 495
 485
 475
 475
 485
 475
 475
 465
 475
 485
 475
 465
 475
 465
 480
 470
 460
 450
 460
 475
 485
 485
 495
 510
 520
 520
 510
 500
 490
 490
 500
 510
 510
 500
 490
 480
 490
 480
 490
 500
 510
 520
 510
 510
 525
 515
 505
 495
 485
 495
 485
 475
 485
 475
 465
 455
 465
 465
 455
 445
 455
 445
 435
 450
 460
 470
 460
 450
 440
 455
 445
 460
 450
 460
 470
 460
 470
 460
 450
 440
 450
 460
 470
 460
 475
 485
 475
 465
 455
 455
 455
 470
 480
 470
 485
 495
 495
 505
 505
 515
 525
 515
 515
 505
 495
 505
 515
 505
 495
 485
 475
 465
 465
 475
 465
 465
 475
 490
 500
 490
 500
 510
 520
 530
 520
 520
 530
 530
 530
 520
 520
 510
 520
 510
 520
 530
 530
 530
 545
 535
 525
 515
 505
 495
 510
 520
 535
 525
 515
 515
 525
 535
 550
 550
 540
 530
 545
 535
 545
 555
 545
 535
 525
 515
 525
 515
 525
 515
 505
 515
 505
 520
 510
 500
 510
 500
 510
 520
 510
 500
 490
 500
 510
 525
 515
 505
 495
 485
 475
 475
 475
 465
 475
 465
 455
 445
 445
 445
 445
 435
 450
 460
 470
 460
 470
 460
 470
 460
 450
 460
 475
 475
 490
 505
 515
 515
 505
 515
 515
 525
 525
 540
 530
 520
 510
 520
 530
 520
 510
 520
 510
 520
 530
 520
 510
 500
 500
 490
 480
 490
 505
 495
 505
 515
 505
 495
 485
 485
 495
 505
 495
 505
 495
 510
 520
 520
 510
 525
 515
 505
 495
 485
 475
 485
 485
 475
 475
 465
 455
 465
 475
 465
 475
 465
 475
 465
 455
 465
 455
 465
 475
 485
 475
 485
 495
 505
 495
 505
 495
 485
 475
 485
 475
 465
 475
 490
 505
 495
 505
 495
 485
 475
 485
 475
 485
 475
 485
 475
 465
 475
 475
 485
 475
 485
 475
 485
 485
 495
 505
 505
 515
 505
 515
 505
 515
 505
 495
 505
 505
 495
 485
 475
 485
 495
 495
 495
 505
 495
 485
 475
 485
 495
 485
 495
 505
 495
 485
 495
 505
 495
 505
 505
 515
 530
 540
 550
 540
 530
 530
 540
 550
 550
 540
 530
 530
 530
 540
 555
 565
 575
 575
 590
 605
 615
 615
 625
 615
 605
 615
 625
 615
 605
 615
 625
 615
 630
 630
 620
 610
 610
 620
 630
 630
 620
 610
 600
 615
 605
 595
 610
 625
 640
 630
 640
 650
 650
 660
 670
 680
 670
 660
 675
 665
 655
 645
 635
 625
 635
 625
 635
 635
 645
 655
 670
 660
 670
 680
 670
 660
 675
 685
 675
 665
 680
 695
 705
 695
 705
 705
 695
 685
 695
 685
 695
 705
 695
 695
 685
 700
 710
 720
 710
 700
 710
 720
 730
 720
 730
 720
 710
 700
 690
 680
 690
 680
 690
 700
 700
 710
 720
 710
 700
 700
 690
 690
 680
 670
 685
 700
 700
 700
 690
 700
 690
 680
 690
 680
 670
 660
 650
 640
 650
 640
 650
 640
 650
 640
 650
 640
 630
 630
 620
 630
 620
 630
 640
 650
 640
 655
 645
 660
 660
 670
 670
 660
 650
 660
 650
 640
 655
 645
 635
 645
 655
 665
 675
 665
 655
 665
 675
 665
 675
 665
 655
 665
 655
 645
 635
 625
 635
 625
 640
 650
 660
 650
 640
 630
 645
 655
 645
 660
 650
 640
 630
 640
 630
 640
 650
 660
 670
 660
 650
 665
 675
 675
 685
 675
 665
 680
 670
 670
 680
 670
 685
 675
 665
 655
 665
 675
 675
 665
 680
 670
 685
 675
 685
 675
 685
 695
 685
 675
 675
 665
 665
 655
 645
 635
 635
 645
 655
 645
 635
 645
 655
 665
 655
 645
 635
 625
 615
 605
 605
 620
 610
 600
 590
 580
 580
 595
 585
 575
 565
 555
 570
 560
 570
 580
 570
 560
 550
 550
 560
 575
 565
 575
 585
 575
 565
 575
 585
 575
 565
 575
 575
 565
 575
 585
 600
 590
 605
 615
 625
 635
 650
 665
 655
 665
 665
 655
 645
 655
 645
 635
 645
 635
 625
 625
 635
 645
 660
 650
 640
 630
 620
 610
 600
 610
 600
 590
 580
 570
 580
 570
 560
 570
 560
 550
 540
 530
 540
 550
 560
 550
 540
 540
 530
 530
 530
 540
 530
 520
 510
 500
 515
 505
 515
 505
 495
 505
 495
 505
 495
 485
 475
 485
 475
 465
 455
 465
 475
 485
 475
 465
 475
 465
 455
 445
 460
 450
 450
 440
 430
 420
 430
 420
 435
 445
 435
 425
 415
 425
 435
 435
 435
 450
 450
 460
 450
 460
 450
 440
 450
 460
 450
 440
 430
 420
 430
 420
 410
 400
 390
 380
 390
 380
 390
 405
 415
 405
 415
 405
 395
 385
 395
 405
 395
 405
 405
 405
 395
 385
 395
 405
 395
 385
 395
 385
 375
 385
 395
 385
 375
 390
 380
 370
 360
 350
 340
 350
 365
 375
 385
 385
 375
 385
 395
 395
 405
 395
 395
 405
 415
 405
 415
 405
 395
 405
 420
 410
 420
 430
 445
 460
 470
 460
 475
 485
 495
 510
 500
 490
 500
 500
 490
 490
 500
 490
 480
 470
 460
 470
 485
 500
 490
 490
 480
 480
 470
 480
 470
 460
 450
 440
 455
 445
 435
 445
 445
 435
 425
 440
 430
 420
 410
 400
 410
 425
 435
 445
 435
 425
 415
 425
 415
 405
 415
 425
 435
 445
 435
 425
 415
 425
 415
 415
 405
 395
 405
 415
 425
 435
 450
 460
 450
 460
 450
 440
 450
 465
 475
 485
 495
 505
 495
 485
 495
 485
 475
 485
 475
 475
 465
 465
 475
 465
 455
 445
 435
 435
 450
 440
 430
 420
 430
 445
 460
 470
 480
 470
 480
 490
 480
 480
 490
 500
 515
 505
 520
 520
 510
 500
 490
 500
 490
 480
 480
 470
 460
 450
 440
 455
 455
 465
 455
 465
 455
 470
 480
 490
 500
 510
 520
 520
 530
 520
 530
 530
 540
 530
 520
 510
 500
 490
 480
 495
 485
 495
 505
 495
 485
 475
 465
 475
 465
 455
 465
 475
 485
 495
 505
 495
 510
 525
 515
 525
 515
 505
 495
 485
 495
 485
 495
 510
 520
 510
 500
 500
 490
 480
 470
 460
 460
 470
 460
 470
 480
 490
 505
 515
 505
 495
 495
 495
 505
 515
 530
 540
 530
 540
 530
 530
 540
 555
 545
 555
 545
 535
 525
 535
 525
 535
 545
 545
 545
 545
 535
 525
 515
 505
 515
 505
 495
 510
 520
 530
 540
 530
 540
 530
 540
 550
 540
 550
 560
 570
 580
 570
 560
 550
 560
 570
 560
 550
 540
 550
 560
 550
 550
 560
 550
 560
 550
 540
 530
 540
 540
 540
 530
 520
 530
 545
 535
 545
 555
 545
 545
 535
 545
 555
 545
 555
 565
 555
 555
 545
 560
 570
 560
 570
 580
 570
 580
 580
 570
 580
 580
 590
 605
 595
 605
 620
 630
 640
 630
 630
 640
 630
 640
 630
 640
 650
 640
 630
 620
 630
 620
 610
 600
 600
 590
 590
 580
 570
 560
 570
 580
 570
 560
 550
 540
 530
 540
 530
 540
 555
 545
 535
 545
 560
 570
 560
 575
 585
 575
 565
 580
 590
 600
 610
 600
 590
 580
 570
 580
 590
 590
 580
 570
 585
 595
 585
 595
 605
 595
 605
 595
 605
 595
 585
 575
 565
 555
 570
 560
 550
 540
 530
 520
 530
 540
 550
 560
 560
 560
 550
 540
 530
 520
 510
 520
 530
 530
 520
 535
 525
 515
 525
 515
 525
 515
 525
 540
 530
 540
 555
 565
 575
 565
 565
 555
 545
 555
 565
 575
 585
 575
 565
 580
 570
 560
 550
 550
 540
 540
 550
 560
 575
 590
 600
 600
 610
 600
 600
 590
 605
 620
 610
 620
 610
 610
 600
 590
 580
 595
 605
 605
 595
 585
 595
 585
 575
 565
 555
 545
 555
 545
 555
 545
 555
 545
 555
 570
 560
 550
 550
 560
 550
 560
 550
 540
 540
 530
 540
 550
 540
 530
 540
 530
 530
 520
 510
 500
 490
 500
 510
 520
 530
 520
 535
 525
 535
 525
 535
 545
 555
 565
 555
 545
 555
 545
 555
 555
 545
 535
 545
 555
 545
 535
 525
 525
 535
 525
 535
 525
 525
 515
 505
 495
 495
 485
 495
 505
 495
 485
 495
 485
 475
 485
 475
 465
 455
 445
 435
 425
 415
 425
 415
 405
 395
 385
 375
 365
 355
 355
 365
 355
 345
 355
 345
 355
 355
 345
 335
 350
 340
 330
 320
 330
 330
 320
 335
 325
 315
 315
 325
 315
 325
 335
 325
 335
 345
 355
 345
 335
 345
 335
 325
 315
 325
 315
 305
 295
 285
 275
 275
 265
 255
 265
 255
 245
 255
 245
 255
 245
 255
 245
 235
 250
 260
 250
 240
 250
 240
 230
 230
 240
 230
 220
 235
 225
 215
 225
 225
 235
 225
 215
 205
 215
 205
 195
 195
 205
 195
 210
 220
 230
 230
 220
 235
 225
 235
 225
 235
 245
 235
 225
 215
 205
 215
 225
 215
 205
 195
 205
 195
 205
 205
 195
 205
 195
 205
 195
 210
 220
 230
 240
 240
 250
 240
 230
 220
 210
 220
 210
 220
 210
 200
 200
 190
 180
 170
 160
 150
 140
 130
 145
 135
 150
 160
 170
 180
 195
 195
 185
 175
 165
 155
 145
 135
 125
 135
 125
 115
 105
 105
 95
 105
 95
 95
 105
 115
 105
 115
 115
 105
 115
 125
 115
 105
 95
 105
 105
 120
 110
 100
 90
 100
 110
 100
 90
 100
 110
 100
 90
 100
 110
 120
 110
 100
 115
 125
 115
 105
 105
 115
 105
 115
 105
 115
 125
 135
 145
 135
 125
 115
 125
 115
 125
 115
 130
 120
 110
 120
 110
 100
 115
 115
 105
 95
 85
 95
 85
 100
 100
 90
 80
 90
 100
 115
 115
 105
 95
 105
 95
 105
 115
 130
 120
 110
 120
 110
 125
 115
 105
 95
 105
 95
 85
 75
 75
 85
 75
 65
 75
 85
 75
 65
 75
 65
 55
 45
 55
 45
 35
 45
 35
 35
 45
 60
 50
 50
 40
 50
 40
 30
 20
 10
 20
 10
 0