1000
990
1000
990
980
990
1000
1010
1020
1010
1000
1015
1025
1035
1025
1035
1025
1035
1025
1015
1025
1035
1025
1035
1045
1060
1070
1060
1060
1070
1060
1050
1040
1030
1020
1030
1020
1010
1025
1015
1005
995
1010
1000
1010
1025
1035
1045
1055
1045
1055
1045
1035
1050
1040
1050
1040
1050
1065
1055
1065
1055
1045
1055
1045
1035
1025
1015
1025
1035
1025
1015
1030
1020
1010
1000
990
980
995
985
995
1010
1000
1000
1000
990
1000
1015
1025
1025
1040
1050
1060
1050
1040
1030
1020
1020
1030
1040
1050
1060
1050
1040
1030
1020
1010
1000
1010
1025
1035
1025
1035
1045
1045
1035
1050
1060
1050
1060
1070
1060
1070
1060
1075
1090
1080
1090
1080
1070
1060
1050
1040
1030
1020
1010
1000
990
1005
995
1010
1020
1020
1010
1000
1010
1000
1010
1020
1030
1030
1040
1030
1020
1030
1030
1020
1030
1020
1030
1020
1010
1020
1010
1000
990
980
995
1005
1005
1015
1005
995
995
985
975
965
955
965
965
980
990
1000
1010
1025
1035
1025
1015
1025
1015
1005
995
985
995
985
995
985
975
985
995
1005
995
995
985
995
1005
995
985
995
1005
995
985
995
995
995
995
985
995
985
975
965
955
955
970
980
995
985
975
990
990
1000
990
1000
1010
1000
1010
1025
1035
1045
1055
1065
1075
1090
1080
1090
1080
1090
1080
1070
1080
1070
1060
1050
1040
1050
1050
1050
1060
1070
1060
1070
1070
1070
1080
1070
1085
1095
1105
1095
1085
1095
1085
1095
1105
1095
1085
1095
1105
1115
1105
1095
1095
1105
1115
1105
1105
1115
1105
1095
1085
1095
1085
1095
1105
1115
1125
1115
1105
1105
1105
1120
1120
1130
1120
1130
1140
1130
1120
1110
1120
1110
1110
1120
1135
1125
1115
1115
1105
1095
1085
1095
1110
1100
1115
1125
1135
1150
1140
1155
1145
1155
1170
1160
1170
1160
1170
1170
1180
1190
1200
1210
1200
1190
1180
1170
1160
1150
1140
1130
1140
1130
1120
1130
1120
1130
1130
1120
1120
1120
1110
1100
1090
1090
1105
1120
1110
1100
1090
1080
1070
1080
1070
1080
1095
1085
1095
1105
1115
1105
1095
1105
1120
1135
1125
1125
1135
1125
1115
1115
1105
1095
1105
1105
1115
1125
1115
1105
1095
1095
1085
1085
1095
1085
1075
1065
1075
1065
1075
1085
1075
1085
1100
1090
1100
1090
1100
1090
1100
1090
1090
1080
1070
1080
1090
1090
1080
1095
1095
1085
1095
1085
1075
1085
1075
1065
1075
1065
1065
1055
1065
1055
1045
1045
1035
1025
1035
1025
1025
1015
1005
1015
1005
995
995
985
975
985
975
965
975
985
985
985
995
1010
1000
990
1000
1010
1000
990
980
990
1000
990
980
990
1000
990
980
990
980
990
980
970
960
950
940
950
965
955
965
965
965
955
945
935
925
935
945
955
945
955
965
975
965
955
945
935
935
925
935
945
955
945
960
960
970
980
990
1000
1010
1000
1010
1020
1010
1000
1010
1000
1000
1010
1010
1010
1000
990
1000
990
980
970
980
970
980
970
970
970
970
985
995
995
1005
995
985
975
985
975
985
975
965
975
965
955
945
955
945
960
950
940
955
945
935
935
945
935
925
915
925
935
945
935
945
935
945
935
945
935
925
925
935
935
925
935
945
945
955
955
965
955
945
945
935
925
940
930
940
930
920
910
900
890
905
915
905
895
885
875
885
875
865
855
865
855
855
845
855
845
835
850
840
850
840
830
820
810
820
810
810
800
815
805
805
795
785
795
785
775
785
795
805
795
805
820
830
820
835
845
855
865
875
865
855
845
835
825
815
805
795
785
775
790
780
770
760
770
760
750
740
755
765
775
785
775
785
795
785
775
785
800
815
805
815
805
815
805
820
830
845
855
870
880
870
885
885
895
885
875
885
900
890
880
890
905
920
910
900
910
910
920
930
940
930
920
930
940
930
920
910
920
910
925
915
925
915
905
915
905
915
905
915
905
895
885
875
885
875
865
875
885
900
890
880
870
880
870
860
850
860
870
860
850
840
830
840
830
840
840
830
830
820
830
820
810
800
790
805
815
830
840
840
830
845
860
850
865
865
855
845
835
825
815
805
815
805
795
785
800
790
805
815
805
795
805
795
810
820
830
820
810
820
810
820
830
820
830
840
850
860
870
870
880
870
860
860
850
840
850
860
850
840
830
840
830
820
810
825
815
825
815
825
835
825
835
825
815
805
805
815
825
825
835
825
815
805
795
805
815
805
815
815
805
815
805
795
785
775
790
780
795
785
795
785
775
785
775
765
755
745
755
755
745
760
750
740
730
740
740
730
720
710
720
710
700
690
700
710
710
700
710
700
690
680
670
660
650
660
650
640
630
620
610
600
615
605
595
605
595
595
605
615
605
595
605
615
625
635
645
655
655
665
680
695
705
720
730
720
730
720
710
725
735
725
725
735
725
715
705
715
705
715
705
695
705
695
695
685
675
665
675
685
675
685
695
710
720
710
720
730
720
710
700
710
725
725
715
725
725
735
745
760
770
760
750
740
750
750
760
750
740
750
740
750
760
750
765
755
755
770
780
770
770
770
780
770
770
760
760
760
750
760
750
760
750
740
730
740
740
750
750
765
775
765
775
775
765
755
745
745
735
725
715
705
695
705
705
705
695
695
710
725
725
740
730
720
730
740
750
750
750
760
750
750
740
730
720
710
720
710
720
710
700
715
730
740
730
720
730
720
710
720
710
720
710
700
710
700
715
725
735
725
725
735
745
735
725
715
730
740
750
740
750
760
750
740
740
730
745
735
745
735
725
735
725
715
725
725
715
705
715
725
735
725
715
705
695
685
700
690
700
700
700
710
700
690
680
690
680
690
705
705
715
705
715
705
695
685
695
705
715
705
720
710
720
710
700
700
690
680
670
670
680
690
700
690
680
670
680
690
700
690
700
690
700
700
690
705
720
710
700
690
700
710
720
710
720
710
700
710
700
710
710
725
715
705
715
725
735
745
735
750
765
755
755
770
760
760
750
760
775
765
755
745
755
765
755
755
755
745
755
745
735
725
715
705
715
705
705
695
685
695
685
695
705
695
685
695
705
695
685
685
700
690
700
690
680
690
680
670
680
670
680
670
685
675
685
695
685
700
715
705
695
710
700
715
705
715
705
715
705
695
705
715
705
695
685
685
700
690
700
700
690
705
715
705
695
685
675
690
680
670
660
650
640
630
640
630
630
640
630
620
610
620
610
620
620
610
620
630
640
630
640
630
645
635
625
615
605
615
625
635
625
635
635
625
615
605
620
610
600
610
620
610
600
615
625
615
625
615
625
615
605
615
625
635
625
615
605
605
595
605
605
615
630
630
620
620
610
620
630
640
630
630
620
630
640
650
640
630
620
610
600
590
600
590
605
595
610
600
610
620
630
645
635
650
640
630
640
630
645
635
625
635
645
635
625
635
625
615
625
635
645
635
625
635
625
615
625
615
625
635
650
640
640
640
630
645
645
635
650
660
650
640
655
665
655
665
665
665
680
670
660
650
665
655
645
660
650
650
660
650
665
655
655
645
635
635
625
615
605
595
585
575
585
575
585
595
585
595
585
575
575
585
600
590
580
595
585
585
585
575
565
555
555
565
555
570
580
590
580
570
560
575
575
585
575
575
565
575
565
580
590
600
615
625
640
650
640
655
645
635
645
655
645
635
645
655
645
635
625
615
625
635
625
615
625
635
645
655
645
645
635
645
645
660
650
660
670
660
675
685
675
685
675
665
655
645
660
650
650
660
675
665
655
665
680
670
660
670
680
670
685
675
685
700
710
700
690
680
690
705
715
730
720
710
710
700
690
680
680
670
660
660
650
640
650
650
660
670
660
650
650
650
650
640
630
640
630
645
635
650
640
630
620
620
635
625
635
625
640
630
640
650
640
630
620
610
620
630
640
655
655
665
655
645
635
625
635
645
655
665
655
645
635
650
640
650
660
670
660
650
640
655
645
645
635
635
645
635
625
635
625
615
625
615
605
605
595
585
595
605
595
610
600
590
590
590
600
590
580
570
560
550
540
530
540
555
545
555
545
560
560
550
560
550
540
530
520
510
520
530
520
535
525
515
505
495
505
505
495
505
495
505
505
515
530
540
550
550
540
530
540
530
530
540
540
540
530
540
540
530
540
550
540
530
540
530
520
510
510
510
500
490
500
490
500
490
500
490
480
470
460
450
440
430
445
455
455
455
465
475
465
475
485
500
490
500
510
500
490
480
470
485
495
485
495
510
520
510
500
490
480
470
460
450
460
470
480
470
480
470
460
450
440
430
420
420
435
425
415
405
420
410
400
390
380
390
380
390
400
390
400
410
420
410
420
430
445
435
435
450
440
430
445
455
465
480
470
460
470
460
450
450
450
440
450
440
450
465
455
455
445
455
445
445
435
425
435
445
435
425
425
415
405
395
405
395
385
395
385
395
405
395
385
400
410
420
410
420
430
420
435
435
445
435
445
435
425
435
425
415
425
415
425
440
430
440
455
465
455
445
435
425
435
425
435
425
415
405
405
395
395
385
375
365
355
345
335
345
355
370
360
375
385
395
385
375
365
355
365
355
345
335
325
340
350
340
330
320
320
310
320
330
340
340
330
340
330
340
355
345
355
345
355
370
360
350
340
340
330
345
355
370
360
350
340
355
370
380
390
380
370
380
370
360
375
385
395
385
385
375
375
390
400
390
400
400
410
400
410
400
410
410
420
430
440
430
440
450
465
455
445
435
450
440
430
420
430
420
420
430
420
410
400
390
405
395
395
405
420
410
400
390
400
410
420
410
420
430
420
410
400
390
380
395
385
400
390
390
400
390
400
390
405
420
410
420
430
420
410
420
410
400
390
380
380
390
380
390
400
390
380
390
400
390
405
395
410
400
390
380
390
380
370
380
370
380
390
380
390
400
390
380
370
360
375
365
355
345
355
355
345
355
365
375
385
400
390
380
370
360
370
360
350
340
330
330
340
330
340
350
360
350
340
330
340
355
370
360
350
340
350
340
330
320
310
300
290
300
290
280
290
280
295
285
285
285
295
285
275
265
275
285
295
305
295
305
315
305
315
315
305
315
305
315
305
295
305
295
305
295
285
275
265
275
275
265
255
245
235
245
260
250
240
250
265
275
290
300
310
300
290
290
280
270
280
270
280
270
260
270
260
270
260
250
260
275
265
280
290
280
270
260
250
240
250
240
230
240
230
220
230
220
230
220
210
220
210
200
210
200
210
200
200
210
220
210
200
215
205
215
230
230
220
210
220
210
200
200
190
180
170
160
170
180
170
180
170
160
150
160
170
180
190
205
195
205
195
195
205
195
205
220
210
200
210
200
210
220
230
240
230
220
235
225
235
225
225
215
225
235
225
225
215
205
195
205
220
230
245
235
225
215
205
195
185
195
205
215
225
215
225
225
235
245
260
250
260
250
240
230
220
210
220
210
225
215
225
215
205
195
210
225
235
225
225
215
215
225
215
215
205
195
185
175
175
165
155
145
160
175
165
155
145
155
145
145
155
170
160
160
150
140
130
120
130
120
110
100
110
120
110
120
110
100
90
105
95
85
95
85
75
65
65
75
90
100
90
100
90
80
70
60
70
60
50
60
50
60
50
60
50
50
40
50
50
40
55
65
55
45
35
45
35
25
25
35
45
35
25
35
35
25
35
25
15
5
-5