1000
1010
1025
1015
1025
1015
1005
1015
1005
1015
1005
995
1005
995
1005
995
1005
995
985
975
965
975
985
995
985
985
975
965
955
945
955
945
935
925
915
925
935
945
935
945
935
950
960
950
940
930
920
910
900
900
890
880
880
870
860
850
860
850
860
875
885
895
885
895
910
910
900
915
925
940
930
920
930
920
930
920
930
940
930
920
930
920
910
900
890
900
915
905
905
895
905
920
910
920
910
900
890
900
890
900
910
920
930
920
930
920
910
900
890
880
880
880
890
880
870
860
850
840
830
820
810
820
810
820
830
840
830
830
830
840
830
820
810
810
820
820
835
825
815
805
815
825
815
805
805
795
805
815
805
815
805
815
825
835
825
815
825
835
825
815
830
840
850
850
860
860
850
860
870
860
870
860
870
880
890
880
870
885
875
865
875
865
875
885
895
885
875
865
855
855
845
835
825
815
830
820
835
845
855
845
835
825
815
805
795
810
800
810
800
810
820
810
820
835
845
855
845
835
845
835
825
840
850
840
850
860
850
860
870
860
850
840
830
845
860
870
870
860
870
880
870
880
870
860
870
860
875
875
875
875
885
895
885
895
885
895
885
875
865
855
845
855
855
855
845
845
835
845
835
825
835
825
815
830
840
830
830
845
855
845
835
850
860
850
860
870
870
860
860
870
880
890
880
880
890
880
870
870
880
870
860
850
865
855
865
875
890
880
870
880
870
880
890
905
895
905
905
895
885
875
885
900
910
900
890
880
890
880
890
880
895
905
915
925
915
905
920
930
930
920
910
925
915
925
915
925
940
930
940
950
940
930
920
910
920
930
940
955
945
935
925
935
950
960
950
940
950
960
950
940
950
940
930
940
950
940
950
940
955
945
960
970
960
970
985
1000
990
980
990
980
990
1000
1010
1000
990
1000
1010
1000
1010
1000
990
980
970
960
950
960
970
980
990
1000
1010
1025
1035
1035
1025
1015
1005
1015
1005
1015
1005
995
985
995
1010
1000
1015
1005
1005
1015
1030
1040
1050
1040
1050
1040
1030
1020
1030
1020
1030
1020
1010
1020
1010
1000
990
980
990
980
980
990
1005
1015
1005
995
1005
1015
1025
1015
1025
1035
1050
1040
1040
1030
1040
1030
1020
1030
1040
1050
1060
1050
1040
1050
1060
1060
1075
1065
1075
1065
1065
1065
1055
1065
1075
1065
1055
1065
1055
1065
1065
1055
1070
1060
1050
1040
1030
1020
1010
1000
1010
1000
990
980
990
1000
1010
1020
1035
1045
1035
1045
1035
1035
1025
1035
1025
1015
1025
1015
1025
1015
1005
995
1005
995
985
975
985
995
985
975
965
955
945
935
925
915
925
915
915
930
920
920
910
900
910
900
910
900
890
880
870
860
850
850
860
850
860
875
865
855
865
880
870
870
880
870
860
870
860
850
865
875
865
855
845
835
825
835
835
825
815
805
795
795
805
815
805
795
785
800
810
820
830
845
835
825
835
825
815
805
795
805
795
785
785
775
765
765
755
745
735
745
735
725
735
745
755
765
765
755
745
735
745
745
735
745
745
735
745
735
750
760
750
740
750
740
730
720
730
740
730
720
730
745
755
765
755
755
770
760
770
770
780
780
790
780
770
760
750
750
740
730
720
710
700
690
700
690
705
705
695
685
675
665
675
665
675
665
655
670
660
650
660
650
660
675
665
655
645
655
665
675
690
690
705
695
685
675
665
655
645
635
645
635
635
650
660
660
670
660
660
670
660
650
640
640
650
660
670
660
660
660
670
660
650
660
650
640
630
620
610
600
590
600
590
605
595
585
575
585
575
590
580
570
560
550
540
530
520
510
500
510
520
510
500
510
500
490
500
510
510
520
520
530
520
510
500
490
480
470
460
470
485
495
505
495
485
495
485
475
485
495
505
505
515
525
525
535
550
565
575
585
575
585
575
565
580
570
580
590
580
570
580
590
600
590
605
620
610
600
590
580
570
560
560
550
540
530
540
530
530
540
530
520
530
540
550
540
530
540
530
520
510
500
490
480
490
480
490
480
490
500
490
480
470
460
470
480
490
480
490
480
470
480
490
500
490
480
470
460
475
465
455
445
460
470
480
470
485
475
475
485
500
510
500
490
480
490
480
470
480
480
470
480
490
500
490
480
470
480
495
485
495
505
520
510
500
490
480
490
480
470
470
480
470
480
470
460
450
440
450
440
430
430
420
420
410
400
415
405
395
385
395
405
395
385
375
365
355
370
360
350
340
350
360
370
370
380
390
380
390
400
390
400
415
405
395
405
395
385
375
385
375
385
395
385
395
385
375
365
365
375
365
355
355
345
360
370
360
350
340
350
340
340
340
330
320
330
320
330
320
310
300
290
300
310
300
290
280
270
280
295
310
320
330
320
310
300
310
300
310
300
310
300
315
305
315
330
340
330
340
330
340
350
360
370
360
370
360
370
360
370
380
370
380
370
380
395
410
425
440
430
440
450
460
450
440
430
440
450
440
430
420
410
400
390
400
400
390
400
410
410
420
420
430
440
430
420
410
400
410
420
420
410
420
420
410
400
390
405
415
425
415
430
420
410
410
420
430
440
430
440
430
440
430
430
420
410
410
420
410
420
410
425
415
405
395
385
375
385
385
375
385
400
410
410
400
415
405
415
405
415
405
395
405
415
425
435
425
435
425
415
430
440
450
460
470
460
450
440
450
465
455
445
455
465
455
465
475
465
455
445
435
445
435
425
415
425
435
445
455
445
455
445
455
445
445
435
445
435
450
460
450
460
450
440
430
420
410
400
390
400
390
405
415
405
415
405
420
430
420
410
400
410
400
415
405
395
395
405
405
395
405
415
425
415
415
425
435
425
435
445
455
465
455
465
465
475
485
475
465
455
455
465
475
465
465
455
465
455
465
475
465
475
490
480
470
480
470
460
450
460
450
460
450
465
480
480
490
480
470
480
495
510
520
510
520
535
525
535
545
545
535
545
535
525
535
535
545
545
535
545
555
545
555
565
565
575
585
575
565
575
565
555
565
555
565
555
565
555
545
555
570
580
590
600
610
625
615
605
615
605
605
615
605
595
585
575
585
575
565
555
545
535
525
515
505
515
530
540
530
530
540
530
520
510
520
530
520
530
520
530
520
530
540
530
520
510
500
490
480
470
460
450
440
450
460
450
440
430
420
430
440
430
440
430
420
430
420
430
420
410
400
410
420
410
410
400
390
400
390
380
380
370
360
360
350
360
370
360
350
340
330
320
310
300
290
280
295
285
275
265
275
285
295
285
295
295
305
315
325
315
305
320
310
325
340
330
320
310
300
290
280
270
260
270
280
295
285
275
265
275
290
300
290
280
270
285
275
290
280
270
280
290
280
290
300
290
300
290
280
270
260
270
280
270
280
270
285
275
285
285
300
290
280
270
280
290
280
290
300
310
320
310
320
320
330
340
350
340
330
340
330
320
310
320
320
310
320
310
300
315
330
320
310
300
290
290
280
270
280
295
285
300
290
300
310
300
310
325
335
325
315
325
335
325
325
325
315
305
295
295
305
320
310
310
320
310
320
310
320
330
340
330
345
335
325
335
325
325
335
345
360
370
360
350
340
330
320
310
300
290
300
290
280
270
260
250
240
250
260
250
260
270
260
250
240
255
245
235
225
215
225
215
225
215
205
195
205
195
185
185
195
185
195
185
195
185
195
205
205
195
205
195
210
200
210
200
190
205
215
225
215
205
195
205
195
185
175
165
175
165
155
145
160
170
180
195
185
195
205
215
205
195
205
195
185
175
185
175
185
195
195
195
195
185
175
165
180
190
200
190
200
210
200
190
180
190
180
190
200
190
180
190
190
180
170
160
150
140
130
120
120
130
120
110
120
135
145
135
125
135
145
155
170
180
190
200
190
200
190
180
170
180
170
170
180
180
195
205
215
205
195
185
195
205
195
205
195
205
195
205
195
205
195
205
215
205
195
195
185
175
175
165
175
185
175
185
195
205
215
205
215
225
215
225
235
235
225
235
225
215
230
220
230
240
255
245
245
235
225
235
225
235
250
260
250
240
250
260
250
250
260
275
265
265
275
265
255
245
235
225
235
225
235
225
215
205
195
195
205
215
225
235
225
215
225
240
230
240
230
220
210
210
200
190
180
170
160
170
160
170
160
170
160
150
140
130
140
150
140
150
160
160
150
160
175
185
175
185
185
195
205
195
185
175
185
185
175
185
195
185
195
205
195
205
205
215
225
215
225
215
205
215
225
240
250
240
230
240
250
265
255
245
235
235
225
235
235
235
225
215
225
240
250
265
265
255
245
255
265
275
265
255
245
255
255
245
255
265
255
265
265
255
245
235
225
235
245
235
225
235
225
215
205
215
205
215
205
195
205
215
225
215
225
235
225
215
230
240
230
230
220
210
200
210
200
210
220
235
225
215
225
235
245
255
245
255
245
235
225
215
205
195
195
205
195
185
175
165
175
190
180
170
160
170
180
190
180
170
180
170
160
150
160
150
140
130
120
110
100
90
80
90
80
90
100
110
100
100
115
115
105
95
85
95
110
100
110
100
110
120
110
120
130
140
130
120
110
120
110
120
130
120
110
100
90
80
70
70
85
75
65
55
45
45
35
25
15
5
-5