
990
990
980
970
980
995
985
975
990
980
970
985
975
965
955
965
955
945
935
925
940
950
960
950
940
940
930
920
910
910
900
890
880
870
860
850
840
830
820
830
820
810
800
790
800
800
790
800
790
780
770
760
750
760
750
740
755
755
765
755
765
755
755
745
760
750
740
755
765
755
765
775
765
755
770
760
750
760
770
780
780
795
795
785
785
775
765
755
745
735
725
715
705
695
685
675
665
655
670
660
650
640
630
620
610
620
610
600
610
600
590
580
570
560
550
540
550
540
530
540
530
520
530
520
510
525
525
525
535
525
515
505
495
485
500
490
480
470
480
490
480
470
460
450
440
430
420
430
420
430
440
440
455
445
460
475
465
455
445
435
425
415
405
395
385
375
385
375
385
400
390
390
400
410
425
415
425
435
425
415
425
415
425
415
405
395
385
375
385
395
385
375
390
400
390
400
410
400
410
400
390
380
390
380
370
380
370
380
390
380
370
380
395
385
375
365
355
345
335
325
315
325
315
325
335
325
315
325
335
325
315
305
315
305
315
305
295
310
300
290
280
280
295
310
320
330
320
330
320
310
300
300
290
300
310
300
290
280
295
285
275
290
290
300
300
290
280
270
280
270
285
275
265
275
285
275
285
275
265
255
265
255
245
235
225
215
225
215
225
215
205
195
185
195
205
195
205
205
195
205
195
185
200
210
220
210
200
190
180
170
180
190
180
195
185
195
185
175
165
155
165
155
165
155
165
155
145
135
125
135
150
140
130
120
110
100
90
80
95
110
100
90
80
95
105
120
110
120
110
125
115
105
95
85
75
65
55
45
55
45
35
25
35
25
15
30
45
35
45
35
25
35
25
15
5
5
-5