
990
980
990
990
1005
995
985
975
965
955
945
960
970
960
950
940
930
920
930
920
910
910
920
930
920
910
900
890
880
870
880
880
895
885
895
905
920
910
910
900
910
900
890
880
870
860
870
860
870
880
890
900
910
925
915
905
895
905
915
905
895
885
895
885
875
865
880
870
860
860
850
865
855
845
855
865
875
885
875
885
900
890
905
895
885
875
865
875
885
875
890
880
870
860
870
880
870
885
895
905
905
895
905
895
905
895
910
910
900
910
900
890
900
910
900
890
900
900
915
930
920
910
900
890
900
890
880
870
880
890
890
880
870
860
850
860
860
870
880
870
860
870
885
875
865
855
865
875
865
855
865
855
865
855
845
845
835
825
815
825
815
825
815
805
815
825
815
805
820
810
820
830
820
810
800
815
805
815
805
795
805
815
805
795
785
775
765
755
755
745
755
745
755
765
755
745
735
725
735
725
740
755
745
760
750
740
730
730
740
750
760
770
780
790
805
805
795
805
805
795
785
785
795
805
815
805
795
785
775
765
755
745
745
735
725
715
705
715
725
735
725
740
730
720
730
720
710
710
700
710
720
710
700
690
680
670
660
670
680
695
685
695
710
700
690
680
670
660
650
660
675
685
675
690
700
690
690
705
695
685
675
685
675
685
675
665
655
645
655
670
660
660
650
640
650
650
640
630
620
610
620
610
600
590
580
570
580
590
580
570
560
550
540
555
565
575
565
575
585
575
565
580
580
570
585
595
605
595
585
575
565
555
565
555
555
570
570
560
550
540
550
540
530
520
510
520
510
500
490
500
510
500
500
500
490
480
490
480
490
480
470
460
470
460
470
460
460
450
440
440
430
440
430
445
435
425
415
425
415
415
405
395
395
405
395
395
395
410
420
410
410
400
410
425
435
445
435
425
415
405
415
405
415
405
415
405
420
410
400
390
400
410
425
415
405
395
385
400
390
390
380
390
400
390
380
370
380
380
395
385
385
375
390
380
370
360
370
360
370
370
370
360
350
340
350
350
365
355
355
345
360
350
360
370
360
350
340
330
320
310
310
300
290
300
290
280
295
305
295
305
295
310
300
290
280
290
280
270
280
270
280
290
300
310
300
290
300
310
325
335
345
360
360
375
365
355
345
355
345
360
375
365
375
390
400
415
430
420
435
425
425
435
450
440
430
440
450
460
470
480
480
470
470
480
495
485
500
510
500
515
505
495
485
485
485
495
485
475
465
455
465
455
470
480
490
480
470
480
490
480
470
480
470
480
470
480
470
460
450
450
450
450
450
465
455
445
435
425
415
430
420
430
430
445
455
465
455
445
455
470
470
480
470
480
470
480
490
480
470
470
460
450
460
450
450
460
470
480
490
490
505
515
525
515
505
495
485
475
475
485
495
485
485
475
475
490
500
490
480
470
460
450
440
430
420
410
400
410
400
390
380
370
360
370
360
360
350
340
330
340
330
340
350
340
330
345
335
325
315
305
295
295
310
320
310
325
335
345
335
345
360
350
340
330
340
330
345
355
345
355
345
355
345
345
355
345
355
365
355
370
380
370
360
350
360
370
360
350
340
340
350
340
330
330
340
330
320
310
325
325
335
325
315
330
320
310
320
310
300
315
325
315
315
305
305
295
305
295
305
305
295
305
315
325
335
345
335
345
355
365
375
365
375
365
355
345
345
345
335
345
355
370
360
370
380
390
380
395
405
395
385
375
365
380
370
380
370
385
375
365
355
345
335
345
355
345
335
335
325
315
305
315
305
315
305
295
285
275
285
295
295
285
295
285
295
285
295
295
305
295
305
315
305
315
325
335
345
355
370
360
350
365
375
385
375
390
400
410
400
410
400
410
400
400
410
400
390
380
370
370
360
350
360
370
380
370
360
350
360
370
380
390
390
400
410
420
430
440
450
450
440
430
420
410
420
430
445
435
425
415
405
415
405
395
405
405
395
410
420
410
420
430
420
410
420
410
420
430
440
455
445
455
470
480
495
495
485
475
475
475
465
475
490
500
510
510
520
530
520
530
540
530
520
510
510
500
490
480
490
480
495
510
500
490
480
490
480
470
470
460
450
450
440
450
460
450
440
430
420
430
440
455
465
455
465
475
485
475
465
455
445
460
450
460
450
440
430
420
430
420
410
420
430
440
430
440
450
440
450
440
430
420
410
420
410
400
410
400
410
420
430
430
445
445
435
425
440
450
440
430
445
435
445
435
445
460
470
480
490
500
490
480
495
485
475
485
475
465
475
465
455
470
460
470
460
450
460
475
465
465
475
465
465
455
445
455
470
480
490
500
490
480
495
505
520
510
520
510
525
535
545
535
535
525
540
530
540
540
550
565
580
570
570
560
570
560
560
550
540
550
560
570
580
595
585
595
585
575
565
575
585
575
565
575
590
590
580
595
610
610
620
610
600
590
600
615
615
625
635
625
615
615
605
615
605
595
585
575
565
575
565
580
570
585
595
585
595
605
595
585
595
605
595
585
595
595
605
595
585
595
585
575
585
600
590
600
590
580
570
585
575
585
595
585
585
595
585
600
610
600
590
590
600
590
580
595
610
620
610
600
590
580
570
580
595
585
585
575
565
575
565
565
580
570
560
560
550
540
530
540
530
520
530
520
510
500
510
520
510
500
510
520
530
540
550
540
530
520
510
500
500
510
500
490
480
470
460
470
460
470
460
450
440
450
440
455
455
470
460
470
460
470
480
470
480
470
460
450
460
450
440
440
430
420
410
410
420
410
410
400
410
400
400
390
400
390
380
395
405
395
385
395
405
395
395
405
405
395
410
400
390
380
395
410
400
410
420
435
450
460
470
480
480
470
480
490
480
490
500
515
515
505
495
485
475
465
455
470
460
450
440
450
460
450
440
455
465
475
475
485
500
490
480
490
500
490
500
515
530
545
535
535
550
560
560
550
540
530
520
510
500
515
505
495
505
495
485
475
465
475
465
455
470
460
470
460
460
470
470
460
460
450
460
475
465
480
490
480
490
480
470
480
490
500
490
500
490
500
510
510
500
490
500
490
500
490
505
495
485
475
465
455
445
435
425
435
445
435
445
435
425
435
425
415
425
435
425
415
405
420
410
400
410
410
420
430
420
420
410
420
410
400
390
400
390
405
395
385
395
385
395
385
395
385
395
385
375
365
355
345
335
325
335
345
335
325
335
350
340
350
360
375
385
375
385
395
405
395
385
395
385
395
385
395
385
375
385
375
375
390
400
390
400
410
420
410
420
410
410
425
415
425
415
405
420
410
400
410
400
410
400
390
400
400
410
425
425
435
435
445
435
425
425
415
405
415
425
415
405
395
385
395
385
395
385
375
390
380
370
360
370
360
375
365
380
370
360
350
340
330
320
310
300
290
305
295
305
315
305
315
330
345
345
335
345
360
370
370
360
370
360
360
350
340
340
330
320
310
320
335
325
335
325
335
325
325
335
325
340
355
345
355
345
335
325
315
305
295
305
315
305
320
335
325
335
325
335
345
355
365
355
355
365
355
365
365
355
345
335
325
335
335
325
340
350
340
330
340
350
360
350
360
350
360
370
380
370
380
370
385
375
365
365
365
380
370
380
370
360
350
360
375
390
380
370
385
395
410
410
410
400
415
405
395
405
415
405
420
435
425
415
405
415
425
415
415
430
420
430
440
440
450
460
450
440
455
445
435
445
455
445
435
425
415
405
395
385
375
365
355
345
360
350
340
330
340
330
340
330
320
310
300
290
300
300
315
325
340
330
330
320
330
345
355
365
355
365
355
365
355
355
370
360
370
380
370
385
375
365
375
365
355
365
355
355
365
375
385
375
375
375
365
355
365
355
355
345
355
345
345
335
325
335
350
365
355
365
355
345
335
325
315
305
315
305
295
285
295
285
300
310
320
330
320
310
325
335
325
315
305
295
285
275
285
295
310
300
310
300
315
325
315
305
315
305
295
285
275
275
265
275
285
275
265
275
265
255
265
255
265
275
285
295
285
295
305
295
295
305
295
305
295
305
295
285
275
265
255
265
280
280
290
300
315
325
325
315
305
315
325
335
325
315
325
340
350
360
370
380
390
380
370
360
350
340
330
345
355
365
380
390
405
415
425
415
405
395
385
395
410
400
390
380
390
380
390
380
370
380
390
380
370
360
350
360
370
380
370
380
390
400
410
425
435
425
440
450
440
430
420
430
440
430
440
455
445
460
450
460
470
485
475
485
495
505
515
525
515
505
495
510
520
520
535
545
535
525
515
505
495
485
475
485
495
485
475
485
475
475
485
475
465
455
445
455
445
455
465
475
485
475
465
475
485
475
485
495
485
495
485
475
485
495
510
500
490
480
470
460
470
480
470
480
470
480
490
480
470
460
470
460
470
460
450
460
475
485
485
485
500
500
490
480
470
460
470
460
470
460
450
440
430
430
420
410
400
390
380
395
410
420
410
400
390
380
395
405
415
405
405
415
405
395
385
375
385
395
395
395
395
395
385
375
375
385
375
365
355
345
335
345
360
350
340
350
340
330
340
330
340
350
360
350
340
355
370
360
350
360
370
360
350
340
330
340
350
340
350
350
360
375
365
375
365
355
345
355
345
355
345
335
335
325
325
335
325
335
325
315
325
315
325
325
315
305
305
295
285
295
305
295
295
285
275
285
275
275
285
285
300
290
300
310
300
310
320
330
340
350
340
340
330
320
310
325
325
335
335
350
360
360
350
360
370
360
360
370
360
360
350
340
330
320
310
325
335
325
315
305
295
305
295
305
295
305
315
315
305
315
305
295
305
320
310
300
300
310
300
290
280
290
300
290
280
295
285
275
265
255
265
275
285
295
305
295
305
315
305
295
305
295
285
275
265
255
270
270
285
295
305
295
305
320
310
320
310
310
320
310
320
335
325
340
330
320
320
310
310
300
290
300
290
290
280
270
260
270
270
285
295
285
275
290
280
270
270
260
250
240
250
240
250
260
250
240
250
250
240
230
240
250
240
230
245
260
270
260
270
280
290
305
305
305
320
330
340
350
340
350
360
375
390
400
390
380
370
360
350
360
370
370
380
395
385
375
375
365
355
365
380
380
395
385
375
385
400
390
400
410
400
400
390
400
410
410
420
410
410
400
390
400
390
380
395
395
385
395
410
420
410
400
390
380
370
360
350
360
360
370
370
380
390
380
370
360
350
340
340
350
340
330
340
350
350
340
330
320
310
325
315
325
325
335
325
335
325
315
305
320
310
320
320
330
340
330
345
335
325
335
350
340
350
365
375
365
355
365
375
365
355
345
345
335
325
335
345
360
350
340
330
340
330
340
330
320
335
345
335
325
325
335
325
335
325
335
325
335
345
355
345
355
345
355
365
355
365
355
345
355
370
360
360
350
360
370
380
390
380
395
385
375
365
355
365
365
355
370
370
360
350
360
370
360
350
340
330
330
320
310
320
330
320
310
310
325
315
305
320
310
300
290
290
280
270
280
295
305
295
285
275
285
275
285
295
305
320
310
300
300
300
290
290
280
295
310
320
310
300
290
300
290
305
295
310
310
320
310
300
310
320
320
310
300
310
300
290
280
290
280
295
310
325
315
305
295
305
315
305
295
285
285
285
295
285
285
295
285
300
290
280
270
260
275
265
275
265
255
265
255
245
235
245
235
225
215
225
240
255
265
275
265
255
265
265
255
245
235
225
235
225
215
225
235
225
225
215
225
235
225
215
225
235
235
225
215
205
215
205
215
225
235
245
235
235
235
225
215
215
230
240
250
240
240
250
240
240
230
220
210
220
235
225
215
225
215
225
240
230
220
210
210
200
190
180
170
170
160
170
160
150
140
150
140
150
140
140
150
150
140
150
160
150
160
175
175
165
155
155
145
155
165
155
145
135
145
160
160
170
180
180
170
160
150
160
150
140
150
160
150
160
160
150
165
175
185
195
185
195
185
195
185
200
210
200
200
200
190
200
210
225
240
230
220
210
210
220
210
200
190
200
210
200
190
180
170
160
150
140
140
130
120
110
100
90
80
90
80
90
100
115
125
115
115
105
95
105
95
85
75
85
75
65
75
65
65
55
45
60
50
60
50
40
50
60
70
80
70
60
50
40
50
50
60
60
50
65
55
65
65
75
85
100
110
100
90
100
110
100
90
105
115
105
115
115
130
120
120
130
120
130
140
130
140
130
120
130
120
110
100
90
80
70
80
90
80
90
100
90
100
110
120
130
130
140
150
150
140
130
145
160
170
185
195
205
195
195
185
185
175
165
180
190
180
170
170
180
190
200
190
200
210
200
190
200
210
220
230
220
230
240
250
250
260
250
240
230
240
230
240
250
240
230
240
230
220
230
220
210
200
190
200
190
200
190
180
170
160
160
160
150
160
150
160
170
170
160
170
160
150
160
175
165
155
145
135
125
135
125
115
105
95
85
75
65
75
85
75
75
90
80
70
80
70
60
50
40
30
40
40
50
40
30
20
10
0