1000
1010
1020
1020
1010
1025
1015
1025
1035
1025
1015
1005
1020
1035
1025
1025
1025
1040
1030
1040
1050
1040
1030
1040
1050
1040
1050
1065
1075
1065
1065
1055
1055
1065
1065
1055
1065
1075
1085
1075
1085
1075
1090
1080
1070
1080
1070
1060
1060
1060
1070
1060
1050
1060
1050
1040
1055
1065
1055
1045
1035
1025
1015
1030
1040
1050
1040
1040
1050
1040
1050
1040
1050
1040
1030
1040
1050
1040
1030
1020
1010
1020
1030
1040
1050
1040
1050
1060
1050
1040
1030
1040
1055
1065
1055
1070
1080
1090
1105
1120
1130
1120
1110
1110
1100
1090
1100
1100
1110
1120
1135
1125
1115
1115
1105
1105
1115
1105
1105
1095
1085
1085
1075
1065
1055
1045
1035
1025
1040
1030
1045
1055
1045
1055
1065
1075
1065
1055
1045
1035
1035
1025
1015
1005
995
985
975
965
975
985
975
975
975
965
975
990
980
970
960
950
940
950
950
960
970
985
975
985
975
985
995
1005
1005
995
1010
1010
1000
1010
1020
1010
1010
1000
1015
1025
1035
1025
1035
1045
1035
1035
1045
1035
1025
1025
1035
1025
1040
1040
1030
1040
1030
1020
1035
1025
1025
1015
1005
995
1005
995
985
995
1005
1015
1005
995
1010
1020
1010
1020
1010
1000
1010
1020
1010
1020
1010
1000
990
1000
1000
1000
990
980
970
960
970
960
950
960
950
940
930
930
930
920
930
940
950
940
930
920
930
920
910
900
900
890
900
890
900
915
915
905
915
930
920
930
940
930
930
920
910
920
910
920
920
930
920
920
910
925
935
925
915
925
935
935
945
935
945
935
925
935
925
935
925
940
955
970
960
950
960
960
950
940
940
930
940
930
940
930
920
920
910
920
910
920
910
925
915
905
920
910
900
915
905
905
895
905
895
905
895
905
905
920
910
900
890
880
870
885
885
875
865
880
890
880
870
860
850
865
855
845
855
855
865
855
865
855
845
835
845
855
845
845
835
845
855
845
855
870
885
875
890
890
900
910
900
910
925
915
905
915
905
895
910
920
930
940
930
940
930
920
910
920
930
920
920
910
900
910
900
890
900
910
925
915
925
925
915
925
935
945
935
935
945
935
925
915
915
915
925
915
905
895
885
900
910
900
890
880
895
885
885
875
865
875
865
855
865
875
890
900
900
890
880
870
880
890
900
910
925
915
905
895
895
895
905
920
935
925
940
950
940
940
950
965
975
990
980
990
1000
1010
1000
990
980
970
960
970
960
950
950
950
940
930
920
930
920
910
910
900
915
925
925
940
955
970
970
960
950
940
955
965
975
965
975
985
995
985
975
985
975
965
980
970
960
950
940
930
930
920
910
920
910
925
940
950
965
955
945
935
925
925
925
935
935
935
945
955
945
955
965
955
970
985
975
965
975
975
990
980
970
960
960
975
985
995
1005
995
985
985
995
985
995
985
995
995
1010
1020
1010
1000
1000
1010
1020
1035
1025
1040
1040
1040
1040
1050
1040
1055
1065
1065
1055
1045
1055
1045
1035
1025
1015
1005
995
985
975
985
975
985
995
985
995
1005
1020
1030
1040
1050
1040
1030
1040
1055
1045
1045
1060
1050
1040
1030
1020
1010
1020
1030
1040
1030
1020
1010
1010
1000
1010
1000
990
990
1000
990
1000
990
980
990
980
970
980
970
980
995
995
995
985
975
985
995
985
975
975
965
955
945
960
960
950
940
930
920
935
945
935
935
945
935
935
925
935
925
915
905
895
905
895
885
895
905
895
885
885
875
865
855
845
835
845
855
865
875
875
865
875
885
875
865
880
870
860
850
840
830
820
830
840
855
865
855
865
865
855
845
855
870
885
875
885
885
875
885
895
905
895
905
895
885
895
905
920
930
920
935
925
940
930
940
955
945
955
965
980
970
980
990
1000
1010
1010
1000
1015
1025
1015
1025
1035
1050
1060
1070
1080
1090
1105
1115
1125
1135
1145
1160
1170
1160
1150
1160
1170
1180
1170
1180
1190
1200
1215
1205
1220
1220
1230
1240
1250
1240
1250
1240
1240
1250
1240
1240
1250
1240
1250
1240
1240
1230
1220
1230
1240
1230
1240
1230
1220
1230
1220
1210
1200
1190
1180
1170
1180
1190
1180
1170
1160
1150
1140
1140
1155
1145
1155
1145
1160
1160
1170
1160
1170
1160
1170
1180
1170
1180
1180
1170
1160
1150
1140
1130
1130
1140
1130
1120
1135
1125
1140
1130
1120
1110
1120
1130
1120
1110
1100
1115
1130
1120
1135
1125
1135
1145
1135
1125
1135
1125
1135
1135
1125
1125
1115
1130
1140
1130
1130
1140
1130
1130
1145
1145
1135
1135
1125
1115
1105
1115
1125
1135
1150
1165
1155
1165
1155
1155
1170
1180
1170
1160
1170
1185
1195
1205
1195
1185
1175
1190
1200
1210
1200
1215
1230
1220
1210
1220
1210
1200
1190
1180
1170
1160
1150
1140
1130
1140
1150
1160
1150
1165
1175
1165
1175
1165
1175
1190
1205
1215
1205
1215
1205
1205
1195
1185
1175
1190
1200
1190
1205
1195
1195
1185
1175
1165
1155
1170
1180
1170
1180
1170
1160
1150
1140
1155
1145
1135
1125
1115
1125
1115
1105
1095
1095
1085
1075
1065
1055
1045
1055
1065
1055
1065
1075
1090
1080
1090
1080
1070
1060
1060
1060
1050
1065
1075
1065
1065
1055
1045
1035
1035
1045
1035
1025
1015
1005
995
1010
1020
1010
1020
1010
1020
1010
1000
990
990
1000
1010
1025
1035
1025
1015
1025
1015
1025
1015
1005
1015
1025
1035
1025
1040
1050
1040
1030
1020
1010
1000
1010
1020
1010
1000
990
980
970
960
950
940
930
920
930
945
935
945
935
935
945
955
965
955
945
945
955
945
935
925
915
930
930
920
910
900
890
880
870
860
875
865
855
845
855
865
855
845
860
860
875
865
875
875
865
875
865
855
865
855
865
875
890
880
890
900
890
880
895
910
900
910
910
900
900
890
880
880
895
885
900
890
880
895
885
875
885
885
900
910
925
915
905
895
905
915
925
935
925
915
905
915
925
925
915
905
915
905
915
925
935
925
935
925
915
905
915
925
915
925
915
905
895
905
905
905
920
930
920
920
920
935
925
915
905
895
905
915
915
925
915
915
925
940
930
940
930
930
920
910
900
890
880
890
900
910
900
910
920
910
900
910
925
915
925
915
925
925
935
945
955
945
935
925
925
935
925
935
925
915
925
915
905
895
905
895
885
885
875
885
875
865
875
865
875
890
880
890
880
870
870
860
850
860
850
840
855
865
855
845
845
835
825
835
825
840
850
860
875
885
875
885
900
890
890
880
870
860
850
860
860
850
840
850
860
850
860
870
860
870
860
850
840
850
850
840
855
845
835
825
825
840
830
840
855
870
860
850
860
850
860
850
865
855
845
835
845
860
870
860
875
865
855
845
835
845
855
865
875
875
875
865
875
885
885
875
865
855
845
845
835
845
855
865
875
865
875
885
875
875
885
895
905
895
905
905
920
910
900
900
890
900
890
900
890
900
890
880
880
890
900
915
905
915
930
930
940
950
940
950
960
970
960
970
980
970
980
990
980
990
980
970
960
950
940
930
920
930
940
930
920
910
900
890
880
870
860
860
850
860
850
860
850
840
850
860
870
860
870
880
890
905
895
905
905
915
905
905
905
915
905
895
885
875
885
875
865
875
865
880
890
880
880
870
870
860
850
840
850
840
840
830
845
855
845
835
825
815
805
815
805
795
785
775
785
785
795
805
795
785
795
785
775
765
755
765
755
765
755
765
775
790
800
790
800
810
800
790
800
790
780
770
760
775
765
775
765
755
765
775
785
775
765
755
765
755
745
760
750
740
750
750
740
730
720
730
740
750
740
750
760
750
760
775
785
795
785
795
795
795
785
775
765
780
770
760
775
765
775
775
765
755
745
745
735
725
715
705
715
705
715
705
720
730
740
755
765
775
785
795
785
795
785
775
765
755
765
755
765
775
765
775
775
765
755
745
755
765
755
745
735
725
735
725
715
725
715
705
715
725
740
750
760
750
760
750
740
755
765
755
765
780
770
780
790
780
795
795
795
805
815
805
815
805
815
825
835
825
815
825
815
805
815
825
815
825
815
805
815
805
815
805
795
785
795
805
815
825
835
825
835
845
845
855
865
865
855
845
855
845
835
825
825
835
845
835
845
855
845
860
860
870
860
850
840
850
860
850
840
830
840
830
840
855
845
855
855
845
835
825
825
840
830
840
830
820
810
820
830
840
830
845
835
825
840
830
845
835
825
815
825
835
845
855
865
875
865
880
870
880
870
860
850
840
850
840
855
845
860
875
885
895
905
895
905
915
925
915
915
915
905
895
885
875
865
855
845
835
825
815
830
830
845
855
845
860
850
865
875
865
855
845
835
845
855
845
855
845
845
835
825
815
805
795
785
795
785
795
795
785
785
800
810
825
835
825
835
825
835
825
840
830
820
810
820
810
800
810
800
790
780
770
780
770
760
750
760
770
780
770
760
760
770
780
795
810
825
815
815
825
835
845
835
825
815
805
795
785
785
775
785
795
785
795
785
800
810
800
810
820
810
800
810
820
810
820
810
825
815
805
805
795
785
785
775
785
785
785
795
785
795
805
795
805
820
835
825
815
805
815
805
815
825
835
825
815
805
795
805
815
825
815
805
795
785
795
805
815
805
805
795
805
815
815
825
835
825
815
805
795
785
785
795
805
815
805
795
785
775
765
755
755
745
760
760
750
760
775
765
755
755
745
755
745
735
745
755
770
780
780
790
780
770
780
790
780
770
780
770
760
750
750
760
760
770
760
770
760
770
780
790
790
780
770
780
795
795
805
815
830
820
830
820
810
800
815
805
815
825
815
805
820
810
800
790
790
800
800
810
810
800
790
780
790
780
770
760
750
760
750
750
760
750
740
750
740
730
720
735
745
755
765
755
745
735
725
735
725
740
730
740
755
745
745
735
725
715
705
715
705
695
685
675
685
675
665
655
665
655
655
670
660
650
640
630
645
635
650
640
655
645
635
625
640
650
640
640
650
660
650
660
670
660
650
665
655
645
660
670
680
680
670
680
690
700
690
680
690
700
710
720
730
720
730
720
710
720
720
720
710
700
710
720
720
710
725
725
735
745
760
750
760
750
760
750
760
770
760
770
780
790
780
770
780
770
780
780
790
780
770
780
770
780
770
760
770
760
775
775
785
800
810
800
810
820
810
825
815
825
835
825
835
845
855
845
835
845
855
855
845
860
850
860
870
880
870
860
860
875
865
875
885
900
910
900
890
905
895
885
875
865
865
865
855
865
855
865
855
845
835
845
835
825
835
825
840
850
850
860
850
840
830
820
810
820
810
800
810
800
800
810
800
790
800
790
780
795
805
795
805
815
825
840
840
830
820
810
820
830
820
830
820
810
800
800
790
780
780
770
780
770
780
770
760
770
780
770
760
760
750
760
775
765
775
765
765
755
745
755
755
745
760
775
765
755
770
760
750
760
760
775
765
755
745
760
770
760
770
785
775
785
795
785
800
810
800
790
780
770
760
760
770
760
775
765
775
765
755
745
735
725
735
725
735
725
725
735
725
715
715
715
730
740
750
750
740
730
720
710
725
715
705
715
705
695
685
695
685
685
675
665
675
685
675
685
675
665
675
665
675
665
655
665
655
645
635
625
615
630
630
620
610
620
610
600
610
600
590
600
590
580
590
580
595
610
600
590
580
570
570
570
560
570
560
570
560
550
560
560
550
540
530
520
510
520
520
530
520
530
545
555
545
535
545
535
525
515
525
535
545
555
545
535
525
535
525
535
525
535
545
555
545
535
535
545
555
570
580
595
605
595
610
620
610
620
610
620
610
600
600
590
580
570
585
575
585
595
605
595
585
575
585
575
590
600
615
625
625
615
625
635
625
615
605
595
585
575
565
555
565
555
545
535
535
545
535
550
540
530
540
555
545
535
545
555
565
555
545
535
525
515
525
515
505
495
505
495
505
515
505
515
505
515
525
535
525
515
530
520
530
540
540
550
540
530
530
520
535
550
540
550
565
575
565
565
575
590
580
570
570
560
570
560
550
540
530
540
530
540
540
555
565
555
570
585
595
605
595
605
615
605
595
610
625
635
645
655
655
645
635
625
615
605
595
605
595
605
620
610
600
600
590
600
590
580
590
605
595
585
575
585
595
585
575
565
555
555
565
580
570
560
550
540
530
520
510
500
490
500
510
500
510
510
500
490
480
480
495
485
475
485
475
490
480
490
480
470
460
470
470
485
485
475
465
475
465
475
485
475
490
480
490
480
490
500
510
500
510
520
510
520
510
520
530
545
555
565
555
565
575
565
555
545
535
525
515
505
515
505
520
510
525
515
525
515
525
540
550
540
530
520
510
510
520
530
540
550
560
570
580
570
560
575
565
575
565
555
565
575
585
585
600
610
600
615
605
615
630
640
650
665
655
645
635
645
635
650
660
650
650
650
640
630
640
630
620
610
620
610
620
610
600
600
610
620
610
620
610
600
600
590
580
570
580
590
600
610
600
615
605
595
605
615
605
595
585
575
565
580
590
580
570
560
550
540
540
530
520
510
500
510
500
490
500
510
525
515
525
515
530
545
535
545
555
565
555
565
575
585
575
585
595
585
575
565
565
555
565
555
545
535
525
535
525
535
545
545
545
560
550
540
530
520
535
545
535
545
535
545
535
525
515
525
540
550
540
530
540
530
520
510
520
510
510
520
510
500
490
500
490
490
480
470
460
450
440
440
455
465
480
470
460
450
440
450
440
430
445
445
435
435
445
435
435
435
445
435
435
445
445
455
445
455
445
455
445
445
435
425
415
430
440
440
450
440
430
420
420
410
420
410
400
390
400
390
390
400
410
400
390
400
410
400
400
390
400
410
400
390
380
380
380
370
370
380
390
380
380
370
360
350
340
330
345
335
325
335
345
355
370
380
390
380
380
390
380
390
380
370
380
370
370
360
350
340
350
360
375
385
375
365
355
345
335
325
315
305
320
310
320
310
310
300
310
300
290
280
270
260
250
250
240
250
260
270
260
270
260
250
240
250
260
250
240
230
240
230
220
210
200
215
225
225
215
225
215
205
195
185
175
175
165
175
165
175
165
165
155
145
135
125
115
125
135
145
155
145
155
145
135
145
135
150
160
170
185
175
185
195
185
195
185
175
165
155
145
135
125
115
105
115
105
115
105
115
105
95
105
95
105
95
95
110
100
90
100
90
80
70
60
50
60
50
60
70
80
90
80
80
70
60
50
60
50
60
50
40
30
20
20
35
25
15
5
-5