1000
990
990
990
980
970
960
950
960
975
985
985
975
985
975
965
975
965
955
965
955
965
955
945
945
955
945
935
925
940
950
940
940
955
945
935
945
935
925
915
930
940
930
920
910
925
935
925
915
905
915
925
915
905
920
920
935
935
945
935
945
960
950
960
950
965
980
970
960
970
960
970
980
970
960
950
960
975
965
955
945
935
925
935
935
945
960
950
965
975
990
980
995
985
985
995
1005
995
985
995
985
995
1010
1000
990
980
970
960
950
940
930
920
910
920
930
945
935
925
940
930
940
930
920
920
910
925
915
925
935
935
945
935
950
950
960
970
985
975
965
980
970
960
960
950
940
940
930
920
910
920
910
900
900
890
900
890
905
895
885
900
890
880
870
880
870
860
870
860
850
840
830
840
830
820
810
820
810
800
810
800
810
800
810
800
790
780
790
800
810
825
815
825
840
830
840
830
820
820
830
840
850
840
840
830
845
835
825
840
830
820
830
840
830
830
820
830
820
810
800
790
800
790
800
790
780
780
780
790
800
790
800
790
805
795
810
820
810
800
790
790
800
810
810
800
810
800
810
820
810
800
790
780
770
760
760
770
760
760
750
740
750
760
750
760
760
750
760
750
760
750
765
775
785
795
810
820
810
820
810
820
810
820
835
845
855
845
855
865
865
875
865
875
865
875
865
875
885
875
890
890
900
910
910
900
900
890
880
890
880
870
860
850
840
850
865
855
870
880
890
880
870
860
870
870
880
890
880
895
885
875
890
900
910
900
915
925
915
925
940
930
940
955
965
975
985
995
1005
995
1005
1020
1030
1020
1010
1025
1025
1015
1005
1015
1025
1015
1025
1015
1005
1015
1025
1015
1025
1015
1025
1015
1025
1035
1035
1025
1035
1025
1015
1015
1015
1025
1035
1045
1035
1045
1055
1055
1045
1035
1035
1045
1035
1025
1015
1005
995
1005
1015
1025
1040
1030
1040
1050
1040
1055
1065
1075
1075
1085
1075
1065
1055
1045
1035
1035
1025
1015
1005
1005
995
985
995
985
995
985
1000
990
1000
990
1005
1015
1005
995
985
995
1005
995
985
995
1010
1020
1030
1040
1040
1030
1020
1010
1000
990
980
990
1000
1010
1000
990
1000
990
1000
1010
1000
990
1000
990
1000
990
990
980
990
1000
1010
1000
1010
1000
990
980
970
960
950
940
940
930
940
950
950
940
955
955
965
955
945
955
965
980
970
960
970
960
975
965
980
970
985
975
965
955
945
935
925
915
905
915
925
915
925
940
950
940
950
965
975
985
995
1005
1015
1005
1015
1030
1020
1030
1040
1050
1060
1070
1060
1050
1040
1030
1020
1030
1020
1030
1020
1030
1045
1035
1050
1040
1050
1040
1030
1030
1020
1030
1045
1060
1050
1060
1050
1050
1040
1030
1020
1010
1020
1010
1000
1000
990
990
990
980
970
960
950
965
975
975
965
975
965
955
965
980
970
960
970
960
975
975
985
995
1005
995
1005
995
985
975
985
995
1005
1015
1030
1020
1010
1020
1030
1040
1040
1040
1040
1030
1040
1030
1020
1010
1020
1030
1040
1030
1020
1010
1000
1010
1000
1010
1020
1010
1025
1015
1025
1025
1035
1035
1045
1060
1050
1040
1055
1065
1075
1085
1075
1065
1055
1055
1045
1055
1070
1080
1070
1060
1070
1060
1075
1085
1095
1085
1075
1065
1055
1045
1035
1035
1025
1035
1045
1035
1025
1015
1005
995
995
1005
995
995
1010
1020
1010
1000
1010
1000
990
1000
990
1000
1010
1020
1010
1025
1035
1025
1015
1005
995
1005
995
1005
995
985
975
985
975
985
975
965
955
970
960
950
965
975
990
1005
1005
1020
1010
1020
1030
1020
1010
1000
990
990
980
980
990
1000
1010
1000
990
1005
995
1005
995
1010
1020
1010
1010
1020
1010
1000
990
1005
1020
1030
1030
1040
1050
1050
1060
1070
1080
1090
1080
1070
1080
1090
1105
1105
1120
1120
1130
1140
1130
1120
1110
1110
1110
1100
1110
1100
1110
1120
1110
1120
1120
1120
1120
1110
1100
1090
1080
1080
1070
1080
1080
1070
1060
1050
1060
1070
1060
1050
1050
1040
1055
1070
1060
1070
1070
1060
1070
1080
1090
1100
1110
1110
1100
1110
1100
1115
1125
1135
1125
1140
1150
1140
1150
1140
1150
1140
1130
1120
1110
1110
1110
1120
1110
1110
1110
1120
1110
1120
1110
1120
1110
1120
1120
1110
1120
1110
1100
1115
1115
1105
1120
1130
1120
1110
1100
1100
1090
1100
1100
1090
1080
1090
1090
1100
1115
1105
1095
1085
1075
1065
1055
1045
1035
1025
1015
1025
1015
1025
1035
1045
1055
1065
1075
1065
1075
1090
1080
1070
1080
1070
1060
1050
1060
1050
1060
1050
1050
1040
1030
1030
1020
1010
1000
990
980
970
960
960
950
965
955
955
965
975
965
965
955
970
985
975
965
980
990
1005
995
1005
1015
1005
1020
1035
1045
1035
1025
1015
1030
1040
1030
1040
1040
1050
1040
1050
1040
1030
1020
1010
1000
1010
1025
1040
1030
1020
1010
1010
1000
990
1000
1010
1020
1035
1045
1055
1065
1055
1045
1055
1065
1055
1065
1055
1055
1055
1065
1065
1055
1045
1035
1035
1045
1045
1035
1025
1015
1025
1035
1045
1060
1050
1040
1040
1050
1040
1050
1040
1030
1045
1060
1070
1060
1050
1060
1070
1060
1050
1040
1030
1020
1010
1020
1010
1020
1010
1025
1015
1025
1025
1015
1015
1005
1015
1005
1015
1005
995
985
1000
990
980
970
980
970
960
975
965
975
990
980
970
960
970
980
990
980
980
970
960
970
960
960
970
960
970
980
970
960
950
960
950
940
950
960
975
965
975
985
975
965
980
990
1000
1000
1010
1000
990
980
970
980
990
1005
995
985
985
975
965
955
945
960
975
965
965
975
975
985
975
985
975
965
955
965
965
955
945
955
945
935
925
915
905
895
905
895
910
925
940
930
920
910
900
910
920
920
930
945
945
935
925
915
915
925
940
930
940
940
950
965
955
965
975
985
995
1005
995
985
975
985
985
975
965
955
945
935
925
915
925
935
950
940
930
920
920
910
900
910
920
930
920
935
925
915
905
895
895
895
905
920
930
920
930
930
940
955
970
985
975
965
965
955
945
935
925
935
950
940
950
940
930
920
930
940
950
960
975
965
955
945
955
945
955
945
935
945
945
960
950
960
975
975
985
995
1005
1015
1015
1025
1040
1030
1045
1055
1045
1055
1065
1055
1070
1085
1075
1065
1055
1065
1065
1055
1065
1075
1085
1095
1085
1075
1065
1055
1065
1055
1045
1055
1045
1035
1025
1015
1025
1015
1005
995
985
995
985
975
990
1005
995
1005
1020
1030
1030
1040
1050
1040
1030
1020
1010
1000
1010
1000
990
980
980
970
980
990
980
980
980
970
960
950
940
930
920
910
920
930
940
930
940
940
950
950
940
950
965
955
965
975
965
980
995
1005
1005
995
985
1000
990
1000
1010
1000
990
980
970
980
980
980
990
980
970
960
950
950
960
950
940
955
945
935
925
925
935
925
935
925
915
905
895
885
875
865
865
855
865
855
865
875
875
890
905
920
910
900
900
910
900
890
900
890
880
890
880
895
885
900
910
900
890
905
895
905
915
925
935
925
915
905
920
910
920
910
900
900
910
925
940
940
930
920
910
900
915
915
905
905
920
930
920
910
920
930
920
930
940
930
945
945
935
945
935
925
915
905
915
925
925
915
930
940
955
965
965
980
990
980
990
980
970
960
950
940
940
930
920
930
940
950
940
930
920
920
910
920
920
930
920
910
920
910
910
900
890
880
890
880
890
900
890
880
890
880
895
885
900
890
880
870
885
875
865
875
865
855
865
880
880
870
880
870
885
875
890
900
910
920
920
930
940
950
940
930
945
955
970
960
975
965
955
945
960
970
980
995
1005
995
985
975
965
975
985
975
990
980
990
990
980
970
980
980
995
985
995
1005
1015
1005
995
985
995
985
985
985
1000
990
980
970
970
970
960
970
960
970
985
975
965
975
965
955
945
960
950
940
940
950
960
970
960
950
960
950
940
950
940
930
920
910
920
910
900
910
900
890
880
890
880
890
880
870
860
860
875
865
855
865
855
845
835
845
845
855
870
880
890
900
915
905
895
905
915
905
920
930
920
910
910
900
890
900
890
880
870
860
850
840
830
820
835
845
855
845
835
845
855
865
865
855
845
855
845
860
860
850
840
830
820
835
825
815
825
835
825
815
805
795
785
775
790
780
770
760
770
760
775
765
780
770
760
750
740
730
740
730
740
750
760
750
760
760
750
765
775
765
775
765
775
765
755
755
765
755
770
760
750
760
750
740
730
730
740
730
730
720
710
725
725
735
750
760
770
770
780
770
760
775
785
800
810
810
810
800
790
800
810
800
810
800
810
800
800
790
780
770
770
785
775
785
775
765
755
745
755
765
765
775
790
780
790
780
770
760
770
760
770
780
770
760
750
765
780
790
800
810
800
790
790
780
790
780
770
780
780
790
800
790
790
780
770
760
750
760
750
760
750
740
730
740
730
720
710
710
700
690
700
710
720
710
700
690
680
695
685
675
685
685
685
700
710
720
735
735
750
765
755
770
780
770
780
790
780
770
785
795
785
775
785
795
785
800
800
810
820
835
825
815
805
815
815
825
815
805
820
830
840
830
840
830
840
830
820
810
820
830
840
830
820
830
820
820
835
825
840
830
840
830
820
810
800
790
800
790
805
795
795
795
785
795
795
785
795
805
795
795
805
815
805
820
835
845
835
825
825
840
840
850
860
850
850
840
830
820
810
800
790
780
770
780
770
760
750
760
770
760
770
760
770
780
790
780
770
760
750
740
730
740
730
720
720
730
740
750
765
775
765
755
745
755
765
755
765
755
745
735
745
755
755
770
780
770
770
760
770
760
750
740
730
720
730
745
755
745
735
725
735
725
715
715
705
715
725
725
740
750
740
740
750
740
730
720
730
720
710
710
710
710
725
725
715
725
715
705
695
685
675
665
675
675
675
685
695
685
675
675
665
675
690
680
670
670
660
650
640
630
630
620
610
610
620
630
620
610
600
590
590
580
580
570
580
595
585
600
615
630
640
650
640
640
630
620
630
620
610
620
610
600
615
625
625
635
645
655
655
645
635
625
615
605
615
605
595
585
575
565
575
585
575
585
595
605
615
605
605
595
585
575
575
585
575
585
595
585
575
585
585
595
605
595
585
575
575
585
585
575
565
575
590
580
570
560
550
565
555
565
555
545
560
575
565
565
555
545
535
525
515
525
525
515
525
540
530
520
510
500
500
490
480
490
480
470
485
485
475
475
465
455
445
435
425
440
430
420
410
420
420
410
400
410
400
390
380
395
385
375
365
355
355
345
355
365
375
365
355
365
355
345
355
355
345
335
325
335
325
315
305
295
285
295
285
295
310
320
320
320
330
320
310
320
310
320
310
300
310
300
315
325
340
330
340
350
340
330
330
340
330
320
310
310
325
315
305
305
305
315
325
335
325
340
330
340
340
350
340
330
330
320
335
325
325
335
325
315
325
335
345
335
345
355
370
360
360
370
380
395
385
375
390
380
390
380
390
390
390
380
370
360
370
380
370
380
395
385
395
395
385
400
400
410
400
415
405
415
425
440
430
420
430
440
430
420
410
400
390
390
400
390
380
370
360
350
360
350
350
360
350
360
350
340
330
340
330
320
310
320
330
320
320
310
310
300
310
300
290
280
290
280
290
290
305
295
285
295
305
295
305
315
325
315
325
335
345
335
335
345
335
325
335
345
335
345
355
345
345
345
335
325
315
305
295
305
295
305
295
305
295
305
295
285
275
265
275
290
280
290
290
290
305
295
285
300
300
315
330
340
350
340
330
320
310
325
335
325
315
305
295
285
275
285
275
265
275
285
275
275
285
275
275
265
275
275
265
265
265
275
285
275
265
255
245
255
245
255
245
235
245
245
255
255
255
245
235
245
235
225
215
215
205
215
225
235
225
240
230
220
230
220
230
245
255
245
235
250
240
255
255
255
245
235
245
260
270
285
275
290
280
270
260
270
260
250
240
230
220
210
220
210
200
210
200
190
200
190
205
195
210
210
220
210
225
235
225
215
205
195
210
200
210
200
190
190
180
170
185
175
185
175
185
195
210
210
200
190
180
170
180
170
170
180
170
185
200
210
220
210
200
190
200
190
180
190
180
195
205
220
230
220
210
225
215
225
240
230
240
230
240
250
260
260
260
260
250
240
250
260
270
260
270
260
250
265
275
290
305
295
285
275
265
255
245
245
235
245
255
265
275
265
255
245
235
225
215
205
215
215
205
220
210
225
215
225
215
205
195
185
195
185
175
165
175
165
180
180
190
180
170
180
170
160
170
160
170
160
170
160
175
165
155
165
155
145
155
165
180
180
170
180
190
205
195
205
215
205
215
225
215
205
195
205
215
225
215
215
205
215
225
240
230
220
235
225
235
245
245
235
225
235
235
245
255
245
255
245
255
245
255
245
235
225
225
235
225
215
205
195
185
175
165
175
185
175
185
175
175
185
195
205
195
185
185
175
190
180
170
160
160
170
160
150
140
155
165
155
145
135
135
145
155
145
145
155
170
180
170
160
150
140
130
120
110
120
110
100
90
80
90
100
100
90
100
115
105
115
105
115
105
105
95
85
95
95
85
75
65
75
65
55
65
80
70
85
100
90
80
70
80
90
80
70
60
50
40
30
45
35
45
35
25
35
45
35
50
40
50
40
30
45
35
50
65
80
90
100
110
100
90
100
90
100
90
100
110
120
130
120
110
110
120
110
120
130
145
135
150
140
130
130
140
130
120
110
100
110
100
115
125
125
125
140
140
140
150
140
150
150
140
150
140
130
120
110
100
90
105
105
95
105
115
105
95
85
75
65
55
45
55
45
45
60
50
40
30
45
60
60
50
60
50
50
40
50
40
30
40
30
30
40
50
40
50
40
30
20
20
30
20
10
10
10
20
10
0